vowel,f1-f1,f1-f2,f1-f3,f1-duration,f1-df1_on,f1-df2_on,f1-df3_on,f1-df1_off,f1-df2_off,f1-df3_off,f2-f1,f2-f2,f2-f3,f2-duration,f2-df1_on,f2-df2_on,f2-df3_on,f2-df1_off,f2-df2_off,f2-df3_off,f3-f1,f3-f2,f3-f3,f3-duration,f3-df1_on,f3-df2_on,f3-df3_on,f3-df1_off,f3-df2_off,f3-df3_off,duration-f1,duration-f2,duration-f3,duration-duration,duration-df1_on,duration-df2_on,duration-df3_on,duration-df1_off,duration-df2_off,duration-df3_off,df1_on-f1,df1_on-f2,df1_on-f3,df1_on-duration,df1_on-df1_on,df1_on-df2_on,df1_on-df3_on,df1_on-df1_off,df1_on-df2_off,df1_on-df3_off,df2_on-f1,df2_on-f2,df2_on-f3,df2_on-duration,df2_on-df1_on,df2_on-df2_on,df2_on-df3_on,df2_on-df1_off,df2_on-df2_off,df2_on-df3_off,df3_on-f1,df3_on-f2,df3_on-f3,df3_on-duration,df3_on-df1_on,df3_on-df2_on,df3_on-df3_on,df3_on-df1_off,df3_on-df2_off,df3_on-df3_off,df1_off-f1,df1_off-f2,df1_off-f3,df1_off-duration,df1_off-df1_on,df1_off-df2_on,df1_off-df3_on,df1_off-df1_off,df1_off-df2_off,df1_off-df3_off,df2_off-f1,df2_off-f2,df2_off-f3,df2_off-duration,df2_off-df1_on,df2_off-df2_on,df2_off-df3_on,df2_off-df1_off,df2_off-df2_off,df2_off-df3_off,df3_off-f1,df3_off-f2,df3_off-f3,df3_off-duration,df3_off-df1_on,df3_off-df2_on,df3_off-df3_on,df3_off-df1_off,df3_off-df2_off,df3_off-df3_off
aa,21086.714302434644,-4250.982390713559,2999.7553875630306,3979.396938812419,-4912.818748621544,-1427.4501118317153,-2795.7106714648753,4830.321378808892,1056.5147057984143,6755.794169839908,-4250.982390713559,78972.90739171563,39307.63474799785,-7755.5254198635575,-2224.9629107739233,-16861.16530270721,-18633.768953915715,1856.7083498047955,20654.449411296206,7669.644563174898,2999.7553875630306,39307.63474799785,187799.0313994597,-2179.544838189529,-6990.475463915634,-15510.216293359841,-85191.74027259041,4768.782915512943,16994.572870195043,79955.95341219005,3979.396938812419,-7755.5254198635575,-2179.544838189529,12838.407345969787,471.69519587351874,-940.7678611691424,598.0891523936027,183.47764387332154,-2268.32459519494,1551.7311259146552,-4912.818748621544,-2224.9629107739233,-6990.475463915634,471.69519587351874,10312.401294684863,6379.447511827507,11290.031098302075,-2559.143730536704,-1353.5639414712364,-4478.3619700624895,-1427.4501118317153,-16861.16530270721,-15510.216293359841,-940.7678611691424,6379.447511827507,52888.7344597005,37444.0108358599,-1795.0905928082989,-7430.020667933959,-11059.64109805517,-2795.7106714648753,-18633.768953915715,-85191.74027259041,598.0891523936027,11290.031098302075,37444.0108358599,157696.90021582873,-5528.299532423309,-11395.163545746018,-56256.191244592876,4830.321378808892,1856.7083498047955,4768.782915512943,183.47764387332154,-2559.143730536704,-1795.0905928082989,-5528.299532423309,10457.747229215895,6401.364254104345,9587.15723550156,1056.5147057984143,20654.449411296206,16994.572870195043,-2268.32459519494,-1353.5639414712364,-7430.020667933959,-11395.163545746018,6401.364254104345,40204.745936700005,30673.24566040075,6755.794169839908,7669.644563174898,79955.95341219005,1551.7311259146552,-4478.3619700624895,-11059.64109805517,-56256.191244592876,9587.15723550156,30673.24566040075,162825.8242604236
ae,16783.736678173733,-3082.9371770536864,-5997.767782527298,2662.546403815512,-5906.378677932624,-2138.057950640103,-2669.976711803218,3703.774058114645,2339.6060491088338,-119.81953668012163,-3082.9371770536864,108125.87990866492,75738.87057777008,-2810.4762868817297,-1919.8140366993841,-41361.79908356726,-31857.163688058263,2222.3167258627595,57194.03982836798,34085.424656963216,-5997.767782527298,75738.87057777008,146031.0858952244,-3991.651154911641,-566.6793000694753,-29605.52722344411,-66076.86477259948,2426.458579233175,43102.0903186988,73919.175599078,2662.546403815512,-2810.4762868817297,-3991.651154911641,11085.32461757473,-1534.9665370334485,1750.2537237380373,2675.7489997071607,-1572.0231711989588,-633.8227628229463,-158.7998578457692,-5906.378677932624,-1919.8140366993841,-566.6793000694753,-1534.9665370334485,12516.726475407802,7607.3557433359465,7984.260044254197,-894.0851562147153,-2966.3377314476174,-1430.7659212064455,-2138.057950640103,-41361.79908356726,-29605.52722344411,1750.2537237380373,7607.3557433359465,118300.13965632075,74020.34621411348,-2931.8909616705228,-31959.045038137803,-20520.455238674127,-2669.976711803218,-31857.163688058263,-66076.86477259948,2675.7489997071607,7984.260044254197,74020.34621411348,131824.56993203555,-3450.599978434058,-27923.183922434448,-47048.88111819364,3703.774058114645,2222.3167258627595,2426.458579233175,-1572.0231711989588,-894.0851562147153,-2931.8909616705228,-3450.599978434058,10210.76912322705,6224.098735894467,6017.005039444414,2339.6060491088338,57194.03982836798,43102.0903186988,-633.8227628229463,-2966.3377314476174,-31959.045038137803,-27923.183922434448,6224.098735894467,105793.95128594154,69483.11241947039,-119.81953668012163,34085.424656963216,73919.175599078,-158.7998578457692,-1430.7659212064455,-20520.455238674127,-47048.88111819364,6017.005039444414,69483.11241947039,146650.7734284827
ah,18977.733039315506,-1780.9103481542966,294.05064082260856,2682.0812663372512,-4288.493756274909,-3256.2570268633526,-2454.751985974487,3198.699434402553,1459.8316212609216,2143.163835073207,-1780.9103481542966,120807.99123744523,52757.605761207604,-1091.5683130592613,-1819.2018116333966,-30864.24741674847,-18798.542872095353,1600.345180595699,25229.490738499553,17076.18624404259,294.05064082260856,52757.605761207604,130438.50087110531,-906.9485617017081,-2112.4841743428356,-20013.717371256935,-51889.579303332284,2752.9376522086404,18006.425389909076,53273.713210842274,2682.0812663372512,-1091.5683130592613,-906.9485617017081,6468.08217131703,-154.49961196320234,-378.3767266969937,-195.33437911335668,194.30063717104449,182.2285087580714,232.38266236583286,-4288.493756274909,-1819.2018116333966,-2112.4841743428356,-154.49961196320234,10297.809699645904,7183.826875776536,7160.231329378688,-1010.3330157272426,-1165.319745092968,-1180.9188318147192,-3256.2570268633526,-30864.24741674847,-20013.717371256935,-378.3767266969937,7183.826875776536,65282.536427922845,39244.73789595918,-1582.3728013924083,-11541.190968301933,-11802.436956144827,-2454.751985974487,-18798.542872095353,-51889.579303332284,-195.33437911335668,7160.231329378688,39244.73789595918,100621.12858474105,-2027.7602331408416,-10520.112988632858,-32559.939482591275,3198.699434402553,1600.345180595699,2752.9376522086404,194.30063717104449,-1010.3330157272426,-1582.3728013924083,-2027.7602331408416,11543.797157126659,7590.487279263992,7811.352972999892,1459.8316212609216,25229.490738499553,18006.425389909076,182.2285087580714,-1165.319745092968,-11541.190968301933,-10520.112988632858,7590.487279263992,66533.2100843794,41224.093180889744,2143.163835073207,17076.18624404259,53273.713210842274,232.38266236583286,-1180.9188318147192,-11802.436956144827,-32559.939482591275,7811.352972999892,41224.093180889744,99684.279587932
ao,18800.439064401035,10251.281458900083,8728.322668179519,2345.76155768889,-4621.388580128775,-6035.955070539022,-3055.614311834425,4899.91001278178,3067.175858839934,-5705.520803543355,10251.281458900083,102203.61592231593,25654.738556775254,-5755.779536650217,-5901.428042633274,-30315.617928052932,-13513.773686620825,5271.928418545201,40918.2868049195,5343.331800203233,8728.322668179519,25654.738556775254,127713.6395720268,3636.8800587620126,-4616.300081247466,-13445.137774876624,-68239.22332982461,1574.8260190564722,19956.6417203228,37598.53340464701,2345.76155768889,-5755.779536650217,3636.8800587620126,9567.15970387162,-1024.0245073921067,-147.92501950007517,1419.2058047880412,-200.12769888449915,-1584.4073091153914,-870.4316540539432,-4621.388580128775,-5901.428042633274,-4616.300081247466,-1024.0245073921067,10115.877219800595,12434.904017446788,8627.116427215622,-1734.014249186614,-4015.14619931147,-2627.4441429349336,-6035.955070539022,-30315.617928052932,-13445.137774876624,-147.92501950007517,12434.904017446788,92947.909938318,45542.96368486077,-3245.2271220660004,-26700.136941702778,-14904.446187099287,-3055.614311834425,-13513.773686620825,-68239.22332982461,1419.2058047880412,8627.116427215622,45542.96368486077,135881.35531123978,-3147.5896551824308,-18592.48543030854,-44802.992071571134,4899.91001278178,5271.928418545201,1574.8260190564722,-200.12769888449915,-1734.014249186614,-3245.2271220660004,-3147.5896551824308,9568.867707111318,6966.806169532884,2582.078476063212,3067.175858839934,40918.2868049195,19956.6417203228,-1584.4073091153914,-4015.14619931147,-26700.136941702778,-18592.48543030854,6966.806169532884,59222.71805707828,24960.7883112785,-5705.520803543355,5343.331800203233,37598.53340464701,-870.4316540539432,-2627.4441429349336,-14904.446187099287,-44802.992071571134,2582.078476063212,24960.7883112785,100038.99361462363
eh,15521.129866527375,-3923.9799163404173,1698.1096077346326,1916.9566870076583,-3864.0969946773625,2172.8337623675748,-1278.5915970498643,2749.1306525104224,3478.867276380813,1574.8518133407274,-3923.9799163404173,94557.05825704658,44344.88646716688,3700.1047268014386,-3439.704051504664,-35280.6419833513,-17656.92947616849,153.06198787749423,40653.70100025718,24998.395234945954,1698.1096077346326,44344.88646716688,128999.42936397748,-876.3023104744204,-1057.0469509293341,-18675.582720419305,-52493.24180472723,3444.6813075864866,22203.656865055316,45735.05755225127,1916.9566870076583,3700.1047268014386,-876.3023104744204,10128.080745041678,-1300.9827679977836,1255.434716551242,322.66006477554043,-681.2566756307065,2906.26745220609,2967.9943950974907,-3864.0969946773625,-3439.704051504664,-1057.0469509293341,-1300.9827679977836,6561.733955648244,3773.643420569914,3019.233544629712,-214.08285564201935,-3536.183711505144,-1786.0536752623213,2172.8337623675748,-35280.6419833513,-18675.582720419305,1255.434716551242,3773.643420569914,89693.15506768646,46369.402041903486,-2447.151440577553,-18639.170272740208,-9419.528739988973,-1278.5915970498643,-17656.92947616849,-52493.24180472723,322.66006477554043,3019.233544629712,46369.402041903486,99368.01022516478,-3796.283941845499,-10114.258617160087,-22121.54314515565,2749.1306525104224,153.06198787749423,3444.6813075864866,-681.2566756307065,-214.08285564201935,-2447.151440577553,-3796.283941845499,7930.333591081879,3941.35590299828,4096.964093320468,3478.867276380813,40653.70100025718,22203.656865055316,2906.26745220609,-3536.183711505144,-18639.170272740208,-10114.258617160087,3941.35590299828,82213.40346240843,50461.30206801304,1574.8518133407274,24998.395234945954,45735.05755225127,2967.9943950974907,-1786.0536752623213,-9419.528739988973,-22121.54314515565,4096.964093320468,50461.30206801304,115032.50957836243
ih,9785.432319739972,1327.6507821336602,1989.6452704072653,803.9806756573423,-2475.004951308228,-2312.5051134254236,-792.5415786552884,1359.30386439972,1457.5625685196171,2130.6591278322894,1327.6507821336602,144201.0327176079,54003.868712842595,1019.3767464802706,-1110.9451733418266,-43711.41298511558,-21142.55575733837,1220.2043620208194,55530.105743077176,32941.7894788269,1989.6452704072653,54003.868712842595,110632.03574147877,77.00863936577352,135.3395063091551,-25135.560781428947,-41667.892852195575,1283.1318507902831,25473.06110754205,40617.524209362535,803.9806756573423,1019.3767464802706,77.00863936577352,5335.520755629509,-673.9379812183254,555.4214549963209,824.0084801497394,-62.75630201923357,1075.2397361135556,741.2729714536115,-2475.004951308228,-1110.9451733418266,135.3395063091551,-673.9379812183254,8085.989845960101,4367.795112711262,3454.325979228596,-363.72979434122544,-2102.4530119007463,-764.8409748402603,-2312.5051134254236,-43711.41298511558,-25135.560781428947,555.4214549963209,4367.795112711262,103750.97315053824,51124.338472114796,-1505.737925693267,-29576.034343630155,-18996.149277125274,-792.5415786552884,-21142.55575733837,-41667.892852195575,824.0084801497394,3454.325979228596,51124.338472114796,84999.53843687543,-1121.7044911334622,-17619.020574650167,-25685.404296616438,1359.30386439972,1220.2043620208194,1283.1318507902831,-62.75630201923357,-363.72979434122544,-1505.737925693267,-1121.7044911334622,7811.186364017665,6503.092022764895,4275.956202732639,1457.5625685196171,55530.105743077176,25473.06110754205,1075.2397361135556,-2102.4530119007463,-29576.034343630155,-17619.020574650167,6503.092022764895,121202.90050701301,59763.39502892467,2130.6591278322894,32941.7894788269,40617.524209362535,741.2729714536115,-764.8409748402603,-18996.149277125274,-25685.404296616438,4275.956202732639,59763.39502892467,86898.213700477
iy,10887.060292782655,7508.952319070541,1748.8804778505878,64.4644142386354,-3102.906895476668,-6570.289032703472,-2497.73722810805,3868.165690185907,5545.539653524758,1237.0096303981325,7508.952319070541,288852.4572581568,70714.97372393907,-2317.3118895336684,-5050.301371220258,-148021.3918193261,-44514.061735709874,4721.894833287053,161293.07060830898,44462.44048307613,1748.8804778505878,70714.97372393907,96490.557883187,4936.240806818627,-2015.706761130267,-37304.321207493245,-39512.84004043371,2177.171022425056,42159.24050389589,51050.9987738296,64.4644142386354,-2317.3118895336684,4936.240806818627,16513.68213752725,672.6383360188701,3442.215763535044,-324.2248978670756,316.0460670892654,-753.3341735989854,2052.8449460031125,-3102.906895476668,-5050.301371220258,-2015.706761130267,672.6383360188701,6800.077701570529,10780.209945634553,4995.570386155029,-2188.6079682968693,-4697.314722761758,-2359.5257157482815,-6570.289032703472,-148021.3918193261,-37304.321207493245,3442.215763535044,10780.209945634553,287020.4810923458,90041.60763095095,-3905.7234539076085,-103808.75999087995,-33686.03895188691,-2497.73722810805,-44514.061735709874,-39512.84004043371,-324.2248978670756,4995.570386155029,90041.60763095095,91516.46502518094,-2522.4754667577818,-35920.815478430326,-31610.43362587213,3868.165690185907,4721.894833287053,2177.171022425056,316.0460670892654,-2188.6079682968693,-3905.7234539076085,-2522.4754667577818,21373.935201603843,17372.982721289056,11175.355899706912,5545.539653524758,161293.07060830898,42159.24050389589,-753.3341735989854,-4697.314722761758,-103808.75999087995,-35920.815478430326,17372.982721289056,285215.07917031756,89250.39052668396,1237.0096303981325,44462.44048307613,51050.9987738296,2052.8449460031125,-2359.5257157482815,-33686.03895188691,-31610.43362587213,11175.355899706912,89250.39052668396,100351.14706354558
uh,11097.464772530404,-9443.381457098969,1793.2910236420544,1637.488349896631,-2855.345954471432,-3662.603522515967,-1598.2413895025581,1439.5251522631463,-1317.9387328228406,-1669.450543178222,-9443.381457098969,136797.71744568794,32628.416238753565,-5258.078799583059,585.8824042132982,-22243.15692780338,-12880.693746324336,19.379103138029404,35436.316073293834,13043.8806627167,1793.2910236420544,32628.416238753565,147579.92655602138,794.4089342688518,-2218.8727238141437,-18303.38643706039,-42350.311815494955,3289.4996032939493,7454.069071850132,43466.34896769574,1637.488349896631,-5258.078799583059,794.4089342688518,2373.1230703430006,-811.8665096622085,-1134.1368212474736,-166.6998709278565,47.84480533009482,-2114.553244823857,-325.67987934097926,-2855.345954471432,585.8824042132982,-2218.8727238141437,-811.8665096622085,5597.258655913516,2764.4147466165414,5360.697812627155,-733.6815748380398,-741.346464458612,-1075.8819009262788,-3662.603522515967,-22243.15692780338,-18303.38643706039,-1134.1368212474736,2764.4147466165414,64027.579996604414,23219.94790360013,-2488.8853672714044,-6272.455230641119,-4122.291673619533,-1598.2413895025581,-12880.693746324336,-42350.311815494955,-166.6998709278565,5360.697812627155,23219.94790360013,71986.28230557429,-1153.9149035593755,-7751.072965118487,-24682.667627338276,1439.5251522631463,19.379103138029404,3289.4996032939493,47.84480533009482,-733.6815748380398,-2488.8853672714044,-1153.9149035593755,5743.110342290426,2998.2966110456323,3309.925627042029,-1317.9387328228406,35436.316073293834,7454.069071850132,-2114.553244823857,-741.346464458612,-6272.455230641119,-7751.072965118487,2998.2966110456323,63317.032350150956,33729.86499596688,-1669.450543178222,13043.8806627167,43466.34896769574,-325.67987934097926,-1075.8819009262788,-4122.291673619533,-24682.667627338276,3309.925627042029,33729.86499596688,96536.77279872492
uw,11710.568871925361,1751.6217133163698,1693.049040500424,1455.3551385178116,-2059.6044853159456,-401.37244592875317,-941.0271535199322,2351.7865410305344,3710.8308672603903,1598.1429325699746,1751.6217133163698,206376.82589444058,37264.271467537976,-18316.36447186464,-1491.8748441374623,-54243.01808114543,-12749.688295623217,4404.377523845324,65301.62378927635,14704.970458159843,1693.049040500424,37264.271467537976,87812.31778086205,-1493.6724273416417,-782.9996929890508,-17094.256994467578,-35103.16270998631,2425.164888734675,14464.191679100162,43636.07867809777,1455.3551385178116,-18316.36447186464,-1493.6724273416417,17692.060195632745,395.9872547433885,6138.103219779715,-426.76567766191005,647.1128372073599,-2333.360633645472,395.0927105357006,-2059.6044853159456,-1491.8748441374623,-782.9996929890508,395.9872547433885,6210.636596185028,4187.762056621029,3596.2735330542014,-2505.0464291005474,-3118.8726318239164,-2375.715388963586,-401.37244592875317,-54243.01808114543,-17094.256994467578,6138.103219779715,4187.762056621029,102404.43707086128,33335.84409534226,-238.19671277662118,-14613.091344884919,-11090.3482348774,-941.0271535199322,-12749.688295623217,-35103.16270998631,-426.76567766191005,3596.2735330542014,33335.84409534226,79032.80075521531,-2642.084596792351,-11683.34159125559,-24059.39847665587,2351.7865410305344,4404.377523845324,2425.164888734675,647.1128372073599,-2505.0464291005474,-238.19671277662118,-2642.084596792351,16384.645063341042,16994.49263132277,13990.441295261779,3710.8308672603903,65301.62378927635,14464.191679100162,-2333.360633645472,-3118.8726318239164,-14613.091344884919,-11683.34159125559,16994.49263132277,139613.45269856002,54815.631975769145,1598.1429325699746,14704.970458159843,43636.07867809777,395.0927105357006,-2375.715388963586,-11090.3482348774,-24059.39847665587,13990.441295261779,54815.631975769145,108626.0462699707
