vowel,f1-f1,f1-f2,f1-f3,f1-duration,f1-df1_on,f1-df2_on,f1-df3_on,f1-df1_off,f1-df2_off,f1-df3_off,f2-f1,f2-f2,f2-f3,f2-duration,f2-df1_on,f2-df2_on,f2-df3_on,f2-df1_off,f2-df2_off,f2-df3_off,f3-f1,f3-f2,f3-f3,f3-duration,f3-df1_on,f3-df2_on,f3-df3_on,f3-df1_off,f3-df2_off,f3-df3_off,duration-f1,duration-f2,duration-f3,duration-duration,duration-df1_on,duration-df2_on,duration-df3_on,duration-df1_off,duration-df2_off,duration-df3_off,df1_on-f1,df1_on-f2,df1_on-f3,df1_on-duration,df1_on-df1_on,df1_on-df2_on,df1_on-df3_on,df1_on-df1_off,df1_on-df2_off,df1_on-df3_off,df2_on-f1,df2_on-f2,df2_on-f3,df2_on-duration,df2_on-df1_on,df2_on-df2_on,df2_on-df3_on,df2_on-df1_off,df2_on-df2_off,df2_on-df3_off,df3_on-f1,df3_on-f2,df3_on-f3,df3_on-duration,df3_on-df1_on,df3_on-df2_on,df3_on-df3_on,df3_on-df1_off,df3_on-df2_off,df3_on-df3_off,df1_off-f1,df1_off-f2,df1_off-f3,df1_off-duration,df1_off-df1_on,df1_off-df2_on,df1_off-df3_on,df1_off-df1_off,df1_off-df2_off,df1_off-df3_off,df2_off-f1,df2_off-f2,df2_off-f3,df2_off-duration,df2_off-df1_on,df2_off-df2_on,df2_off-df3_on,df2_off-df1_off,df2_off-df2_off,df2_off-df3_off,df3_off-f1,df3_off-f2,df3_off-f3,df3_off-duration,df3_off-df1_on,df3_off-df2_on,df3_off-df3_on,df3_off-df1_off,df3_off-df2_off,df3_off-df3_off
a,20992.508691594237,10641.737925100624,4937.2683456804525,1930.8420509391588,-7961.721144198798,-4228.832453479555,-6565.75318643178,5980.502718164848,5685.358397013359,378.80258122848977,10641.737925100624,105043.56454794695,60891.27260000106,-6487.805116731982,-3695.9169418341967,-27644.2134597742,-23317.901985040276,234.24703077853138,24300.800734993874,28179.984378728663,4937.2683456804525,60891.27260000106,151073.3968224507,-5723.61333858108,757.7134910485595,-23852.4923066929,-76507.27071505465,-600.6713855774686,17378.706046199615,82774.90220020893,1930.8420509391588,-6487.805116731982,-5723.61333858108,10418.159041261035,695.434114562159,762.2706924705551,613.1059168619049,96.66949286467309,-871.609399273756,-1905.4834770759865,-7961.721144198798,-3695.9169418341967,757.7134910485595,695.434114562159,16549.81680734941,8748.928846772867,8962.57255905538,-3194.2677799063226,-3402.1205602869977,-1495.3498662215693,-4228.832453479555,-27644.2134597742,-23852.4923066929,762.2706924705551,8748.928846772867,62023.109909690145,48583.03299067205,-3679.9763684753384,-12462.131496820859,-16087.372082429616,-6565.75318643178,-23317.901985040276,-76507.27071505465,613.1059168619049,8962.57255905538,48583.03299067205,153915.34885466105,143.9913088366309,-9939.615474246048,-50456.28010823395,5980.502718164848,234.24703077853138,-600.6713855774686,96.66949286467309,-3194.2677799063226,-3679.9763684753384,143.9913088366309,25118.05952665175,15707.406139094674,13110.056501158702,5685.358397013359,24300.800734993874,17378.706046199615,-871.609399273756,-3402.1205602869977,-12462.131496820859,-9939.615474246048,15707.406139094674,73867.6177156857,52133.98258181182,378.80258122848977,28179.984378728663,82774.90220020893,-1905.4834770759865,-1495.3498662215693,-16087.372082429616,-50456.28010823395,13110.056501158702,52133.98258181182,185024.1289229105
e,14917.24662096307,8107.364963443529,5556.342930722536,110.84709369054252,-3900.2387643212687,-4881.82655238022,-5267.7003865129545,3649.5490504652266,3311.563345788799,4825.083893463214,8107.364963443529,121241.01465828005,47119.02858899984,3890.098204120462,-4481.372095634364,-50788.486671919745,-19701.80279701618,5414.362399521183,47630.68045004406,24590.536767875332,5556.342930722536,47119.02858899984,113835.75381694584,-1119.1211065381585,-2200.0642047155516,-33006.88736955394,-57566.323093819585,883.4927046572093,19396.404018329027,56341.3925905538,110.84709369054252,3890.098204120462,-1119.1211065381585,6710.923471618502,-198.25398470699844,-652.4659512905271,-307.96359845204006,-716.0676756406511,31.102308534968234,-1246.7781429371744,-3900.2387643212687,-4481.372095634364,-2200.0642047155516,-198.25398470699844,10105.687198959387,9781.201882483232,10241.970731169622,520.5636059099445,-1719.0938394109783,-2472.7195361156105,-4881.82655238022,-50788.486671919745,-33006.88736955394,-652.4659512905271,9781.201882483232,113564.88362193224,60734.95409173025,-4974.685224953395,-30821.034574212517,-26107.03861107374,-5267.7003865129545,-19701.80279701618,-57566.323093819585,-307.96359845204006,10241.970731169622,60734.95409173025,115878.40416018914,-1266.950242304746,-12648.192508572856,-38472.39057228929,3649.5490504652266,5414.362399521183,883.4927046572093,-716.0676756406511,520.5636059099445,-4974.685224953395,-1266.950242304746,18536.504360918756,14544.789503144983,11751.611280338577,3311.563345788799,47630.68045004406,19396.404018329027,31.102308534968234,-1719.0938394109783,-30821.034574212517,-12648.192508572856,14544.789503144983,109154.19048351183,57065.89984570231,4825.083893463214,24590.536767875332,56341.3925905538,-1246.7781429371744,-2472.7195361156105,-26107.03861107374,-38472.39057228929,11751.611280338577,57065.89984570231,116606.04808685971
i,15446.760823634073,9095.645553784565,5695.723589591519,1297.492801458596,-4800.494456779598,-2589.3802264808364,-3644.737855845504,3694.770841055675,389.5087849358737,2209.7686633553267,9095.645553784565,341736.857346727,127064.32757246646,4288.145169777226,-3798.2836271220995,-154655.70339721255,-65063.28561142412,5239.11776632812,163275.7028041367,44987.35461301801,5695.723589591519,127064.32757246646,158399.5213321966,7739.748027717029,-3520.722922659204,-63389.27047038328,-77869.25705018904,-4089.790173474683,47325.02694788346,63474.91740492253,1297.492801458596,4288.145169777226,7739.748027717029,8797.84763431483,-1728.529241039736,-920.2382029616726,-2274.268515018719,-2280.92122132015,-3857.0818938023576,2433.5694748035435,-4800.494456779598,-3798.2836271220995,-3520.722922659204,-1728.529241039736,26309.456052086887,15411.988876306621,18024.477660389948,-1292.1286444973682,2454.1274771109793,3094.464058028764,-2589.3802264808364,-154655.70339721255,-63389.27047038328,-920.2382029616726,15411.988876306621,289225.2595818815,119069.83832752613,2772.8811846689896,-118301.2831010453,-26501.214721254357,-3644.737855845504,-65063.28561142412,-77869.25705018904,-2274.268515018719,18024.477660389948,119069.83832752613,152989.90761861517,-453.36965027059085,-56932.871830750984,-38507.84809103714,3694.770841055675,5239.11776632812,-4089.790173474683,-2280.92122132015,-1292.1286444973682,2772.8811846689896,-453.36965027059085,56089.2428793832,35040.77446437838,34662.962783564384,389.5087849358737,163275.7028041367,47325.02694788346,-3857.0818938023576,2454.1274771109793,-118301.2831010453,-56932.871830750984,35040.77446437838,263562.20872562827,95429.03404625991,2209.7686633553267,44987.35461301801,63474.91740492253,2433.5694748035435,3094.464058028764,-26501.214721254357,-38507.84809103714,34662.962783564384,95429.03404625991,146762.96726962712
o,22197.37672523555,17641.325258184082,14703.784667402315,-1895.4927277056277,-11703.488428260192,-10921.762193362194,-15376.503290892115,8712.882253628724,12105.858314234785,11099.973946184535,17641.325258184082,149880.33054918938,66394.40996802761,-12829.500753679653,-5401.519188240953,-75431.96349206349,-44997.67000565883,7464.7936052400755,69427.98650086297,44135.73618764678,14703.784667402315,66394.40996802761,150289.4668817022,-2085.2054442039444,-6198.670353393883,-49595.5962000962,-109675.7634552811,4804.510086863028,28731.82826868121,94937.3842175254,-1895.4927277056277,-12829.500753679653,-2085.2054442039444,25230.95192629639,1895.0148869071668,4323.8133281866285,3827.396729119769,-195.84997179413182,715.5254193843193,375.0650402982203,-11703.488428260192,-5401.519188240953,-6198.670353393883,1895.0148869071668,24048.064770789122,24096.99928811929,22363.241771694535,-8207.832860057155,-6261.057112582406,-5837.367446764564,-10921.762193362194,-75431.96349206349,-49595.5962000962,4323.8133281866285,24096.99928811929,133826.53208273207,82828.94226070226,-9593.526017316017,-42789.46483886484,-37170.841981721984,-15376.503290892115,-44997.67000565883,-109675.7634552811,3827.396729119769,22363.241771694535,82828.94226070226,203117.8456612625,-7869.27915935263,-28293.459358005828,-78047.14174753134,8712.882253628724,7464.7936052400755,4804.510086863028,-195.84997179413182,-8207.832860057155,-9593.526017316017,-7869.27915935263,44724.356221203634,55654.6310898905,40073.841319554085,12105.858314234785,69427.98650086297,28731.82826868121,715.5254193843193,-6261.057112582406,-42789.46483886484,-28293.459358005828,55654.6310898905,265422.4600797895,159074.1279424497,11099.973946184535,44135.73618764678,94937.3842175254,375.0650402982203,-5837.367446764564,-37170.841981721984,-78047.14174753134,40073.841319554085,159074.1279424497,245420.54104133774
u,9231.388366627498,11296.477085781433,5555.886897767333,-403.90346577555823,-6605.1837250293775,-12716.258813160986,-7042.50223266745,1258.0171269095183,5413.50411280846,3779.049500587544,11296.477085781433,295272.3908343126,126488.00475910693,-9545.424148266746,-5733.755881316099,-145170.7035252644,-69245.29337132785,5687.441198589894,131469.8918625147,46822.41219153936,5555.886897767333,126488.00475910693,155060.4749118684,894.2035018801408,-2261.9079788484137,-75080.51539365452,-71040.92034900117,4951.817103407756,83137.24638660399,81912.11392479436,-403.90346577555823,-9545.424148266746,894.2035018801408,56013.99404633743,-2149.1544193860163,-6506.1457755875435,-2316.7538099242065,-18093.71309219154,-27790.03302943596,-10888.118169888367,-6605.1837250293775,-5733.755881316099,-2261.9079788484137,-2149.1544193860163,30742.659249706227,39175.77947708578,18621.089612455933,-1382.9158613396005,-14836.769850176262,-7088.995646298473,-12716.258813160986,-145170.7035252644,-75080.51539365452,-6506.1457755875435,39175.77947708578,263836.5800822562,127249.45532373678,-4226.311010575793,-112433.12787896593,-63617.64606345476,-7042.50223266745,-69245.29337132785,-71040.92034900117,-2316.7538099242065,18621.089612455933,127249.45532373678,141562.0833762162,-3766.29707920094,-44360.953265569915,-49962.996205640426,1258.0171269095183,5687.441198589894,4951.817103407756,-18093.71309219154,-1382.9158613396005,-4226.311010575793,-3766.29707920094,23052.124052291423,32789.105152761455,22579.657009400704,5413.50411280846,131469.8918625147,83137.24638660399,-27790.03302943596,-14836.769850176262,-112433.12787896593,-44360.953265569915,32789.105152761455,293521.54858989426,170999.1480904818,3779.049500587544,46822.41219153936,81912.11392479436,-10888.118169888367,-7088.995646298473,-63617.64606345476,-49962.996205640426,22579.657009400704,170999.1480904818,200297.67814336074
